Country,lat,lon,year
AFG,33.0,65.0,2012
AFG,33.0,65.0,2013
AFG,33.0,65.0,2014
AFG,33.0,65.0,2015
AFG,33.0,65.0,2016
AFG,33.0,65.0,2018
ALB,41.0,20.0,2010
ALB,41.0,20.0,2011
ALB,41.0,20.0,2012
ALB,41.0,20.0,2013
ALB,41.0,20.0,2014
ALB,41.0,20.0,2015
ALB,41.0,20.0,2016
ALB,41.0,20.0,2017
ALB,41.0,20.0,2018
DZA,28.0,3.0,2010
DZA,28.0,3.0,2011
DZA,28.0,3.0,2012
DZA,28.0,3.0,2013
DZA,28.0,3.0,2014
DZA,28.0,3.0,2015
DZA,28.0,3.0,2016
DZA,28.0,3.0,2017
DZA,28.0,3.0,2018
AND,42.3,1.3,2010
AND,42.3,1.3,2011
AND,42.3,1.3,2012
AND,42.3,1.3,2013
AND,42.3,1.3,2014
AND,42.3,1.3,2015
AND,42.3,1.3,2016
AND,42.3,1.3,2017
AND,42.3,1.3,2018
AGO,-12.3,18.3,2011
AGO,-12.3,18.3,2012
AGO,-12.3,18.3,2013
AGO,-12.3,18.3,2014
AGO,-12.3,18.3,2016
AGO,-12.3,18.3,2017
AGO,-12.3,18.3,2018
ATG,17.03,-61.48,2013
ATG,17.03,-61.48,2015
ATG,17.03,-61.48,2017
ARG,-34.0,-64.0,2007
ARG,-34.0,-64.0,2008
ARG,-34.0,-64.0,2009
ARG,-34.0,-64.0,2010
ARG,-34.0,-64.0,2011
ARG,-34.0,-64.0,2012
ARG,-34.0,-64.0,2013
ARG,-34.0,-64.0,2014
ARG,-34.0,-64.0,2015
ARG,-34.0,-64.0,2016
ARG,-34.0,-64.0,2017
ARG,-34.0,-64.0,2018
ARM,40.0,45.0,2009
ARM,40.0,45.0,2010
ARM,40.0,45.0,2011
ARM,40.0,45.0,2012
ARM,40.0,45.0,2013
ARM,40.0,45.0,2014
ARM,40.0,45.0,2015
ARM,40.0,45.0,2016
ARM,40.0,45.0,2017
ARM,40.0,45.0,2018
ABW,12.3,-69.58,2011
ABW,12.3,-69.58,2015
ABW,12.3,-69.58,2016
ABW,12.3,-69.58,2017
ABW,12.3,-69.58,2018
AUS,-27.0,133.0,2004
AUS,-27.0,133.0,2005
AUS,-27.0,133.0,2006
AUS,-27.0,133.0,2007
AUS,-27.0,133.0,2008
AUS,-27.0,133.0,2009
AUS,-27.0,133.0,2010
AUS,-27.0,133.0,2011
AUS,-27.0,133.0,2012
AUS,-27.0,133.0,2013
AUS,-27.0,133.0,2014
AUS,-27.0,133.0,2015
AUS,-27.0,133.0,2016
AUS,-27.0,133.0,2017
AUS,-27.0,133.0,2018
AUT,47.2,13.2,2007
AUT,47.2,13.2,2008
AUT,47.2,13.2,2009
AUT,47.2,13.2,2010
AUT,47.2,13.2,2011
AUT,47.2,13.2,2012
AUT,47.2,13.2,2013
AUT,47.2,13.2,2014
AUT,47.2,13.2,2015
AUT,47.2,13.2,2016
AUT,47.2,13.2,2017
AUT,47.2,13.2,2018
AZE,40.3,47.3,2009
AZE,40.3,47.3,2010
AZE,40.3,47.3,2011
AZE,40.3,47.3,2012
AZE,40.3,47.3,2013
AZE,40.3,47.3,2014
AZE,40.3,47.3,2015
AZE,40.3,47.3,2016
AZE,40.3,47.3,2017
AZE,40.3,47.3,2018
BHR,0.13,-176.28,2008
BHR,0.13,-176.28,2009
BHR,0.13,-176.28,2010
BHR,0.13,-176.28,2011
BHR,0.13,-176.28,2012
BHR,0.13,-176.28,2013
BHR,0.13,-176.28,2014
BHR,0.13,-176.28,2015
BHR,0.13,-176.28,2016
BHR,0.13,-176.28,2017
BHR,0.13,-176.28,2018
BGD,24.0,90.0,2008
BGD,24.0,90.0,2009
BGD,24.0,90.0,2010
BGD,24.0,90.0,2011
BGD,24.0,90.0,2012
BGD,24.0,90.0,2013
BGD,24.0,90.0,2014
BGD,24.0,90.0,2015
BGD,24.0,90.0,2016
BGD,24.0,90.0,2017
BGD,24.0,90.0,2018
BRB,13.1,-59.32,2011
BRB,13.1,-59.32,2012
BRB,13.1,-59.32,2013
BRB,13.1,-59.32,2014
BRB,13.1,-59.32,2015
BRB,13.1,-59.32,2016
BRB,13.1,-59.32,2017
BRB,13.1,-59.32,2018
BLR,53.0,28.0,2008
BLR,53.0,28.0,2009
BLR,53.0,28.0,2010
BLR,53.0,28.0,2011
BLR,53.0,28.0,2012
BLR,53.0,28.0,2013
BLR,53.0,28.0,2014
BLR,53.0,28.0,2015
BLR,53.0,28.0,2016
BLR,53.0,28.0,2017
BLR,53.0,28.0,2018
BEL,50.5,4.0,2007
BEL,50.5,4.0,2008
BEL,50.5,4.0,2009
BEL,50.5,4.0,2010
BEL,50.5,4.0,2011
BEL,50.5,4.0,2012
BEL,50.5,4.0,2013
BEL,50.5,4.0,2014
BEL,50.5,4.0,2015
BEL,50.5,4.0,2016
BEL,50.5,4.0,2017
BEL,50.5,4.0,2018
BLZ,17.15,-88.45,2011
BLZ,17.15,-88.45,2012
BLZ,17.15,-88.45,2014
BLZ,17.15,-88.45,2015
BLZ,17.15,-88.45,2016
BLZ,17.15,-88.45,2017
BLZ,17.15,-88.45,2018
BEN,9.3,2.15,2012
BEN,9.3,2.15,2014
BEN,9.3,2.15,2017
BEN,9.3,2.15,2018
BMU,32.2,-64.45,2008
BMU,32.2,-64.45,2009
BMU,32.2,-64.45,2010
BMU,32.2,-64.45,2011
BMU,32.2,-64.45,2012
BMU,32.2,-64.45,2013
BMU,32.2,-64.45,2014
BMU,32.2,-64.45,2015
BMU,32.2,-64.45,2016
BMU,32.2,-64.45,2017
BMU,32.2,-64.45,2018
BTN,27.3,90.3,2011
BTN,27.3,90.3,2014
BTN,27.3,90.3,2015
BTN,27.3,90.3,2016
BTN,27.3,90.3,2017
BTN,27.3,90.3,2018
BOL,-17.0,-65.0,2008
BOL,-17.0,-65.0,2009
BOL,-17.0,-65.0,2010
BOL,-17.0,-65.0,2011
BOL,-17.0,-65.0,2012
BOL,-17.0,-65.0,2013
BOL,-17.0,-65.0,2014
BOL,-17.0,-65.0,2015
BOL,-17.0,-65.0,2016
BOL,-17.0,-65.0,2017
BOL,-17.0,-65.0,2018
BIH,44.0,18.0,2008
BIH,44.0,18.0,2009
BIH,44.0,18.0,2010
BIH,44.0,18.0,2011
BIH,44.0,18.0,2012
BIH,44.0,18.0,2013
BIH,44.0,18.0,2014
BIH,44.0,18.0,2015
BIH,44.0,18.0,2016
BIH,44.0,18.0,2017
BIH,44.0,18.0,2018
BWA,-22.0,24.0,2015
BWA,-22.0,24.0,2016
BWA,-22.0,24.0,2017
BWA,-22.0,24.0,2018
BRA,-10.0,-55.0,2007
BRA,-10.0,-55.0,2008
BRA,-10.0,-55.0,2009
BRA,-10.0,-55.0,2010
BRA,-10.0,-55.0,2011
BRA,-10.0,-55.0,2012
BRA,-10.0,-55.0,2013
BRA,-10.0,-55.0,2014
BRA,-10.0,-55.0,2015
BRA,-10.0,-55.0,2016
BRA,-10.0,-55.0,2017
BRA,-10.0,-55.0,2018
VGB,18.3,-64.3,2011
VGB,18.3,-64.3,2012
VGB,18.3,-64.3,2013
VGB,18.3,-64.3,2014
VGB,18.3,-64.3,2017
VGB,18.3,-64.3,2018
BRN,4.3,114.4,2012
BRN,4.3,114.4,2014
BRN,4.3,114.4,2015
BRN,4.3,114.4,2016
BRN,4.3,114.4,2017
BGR,43.0,25.0,2007
BGR,43.0,25.0,2008
BGR,43.0,25.0,2009
BGR,43.0,25.0,2010
BGR,43.0,25.0,2011
BGR,43.0,25.0,2012
BGR,43.0,25.0,2013
BGR,43.0,25.0,2014
BGR,43.0,25.0,2015
BGR,43.0,25.0,2016
BGR,43.0,25.0,2017
BGR,43.0,25.0,2018
BFA,13.0,-2.0,2016
BFA,13.0,-2.0,2017
BFA,13.0,-2.0,2018
BDI,-3.3,30.0,2012
BDI,-3.3,30.0,2013
KHM,13.0,105.0,2009
KHM,13.0,105.0,2010
KHM,13.0,105.0,2011
KHM,13.0,105.0,2012
KHM,13.0,105.0,2013
KHM,13.0,105.0,2014
KHM,13.0,105.0,2015
KHM,13.0,105.0,2016
KHM,13.0,105.0,2017
KHM,13.0,105.0,2018
CMR,6.0,12.0,2011
CMR,6.0,12.0,2012
CMR,6.0,12.0,2013
CMR,6.0,12.0,2014
CMR,6.0,12.0,2015
CMR,6.0,12.0,2016
CMR,6.0,12.0,2017
CMR,6.0,12.0,2018
CAN,60.0,-95.0,2004
CAN,60.0,-95.0,2005
CAN,60.0,-95.0,2006
CAN,60.0,-95.0,2007
CAN,60.0,-95.0,2008
CAN,60.0,-95.0,2009
CAN,60.0,-95.0,2010
CAN,60.0,-95.0,2011
CAN,60.0,-95.0,2012
CAN,60.0,-95.0,2013
CAN,60.0,-95.0,2014
CAN,60.0,-95.0,2015
CAN,60.0,-95.0,2016
CAN,60.0,-95.0,2017
CAN,60.0,-95.0,2018
CPV,16.0,24.0,2014
CPV,16.0,24.0,2017
CPV,16.0,24.0,2018
CYM,19.3,-80.3,2014
CYM,19.3,-80.3,2015
CYM,19.3,-80.3,2016
CYM,19.3,-80.3,2017
CYM,19.3,-80.3,2018
CHL,-30.0,-71.0,2008
CHL,-30.0,-71.0,2009
CHL,-30.0,-71.0,2010
CHL,-30.0,-71.0,2011
CHL,-30.0,-71.0,2012
CHL,-30.0,-71.0,2013
CHL,-30.0,-71.0,2014
CHL,-30.0,-71.0,2015
CHL,-30.0,-71.0,2016
CHL,-30.0,-71.0,2017
CHL,-30.0,-71.0,2018
CHN,35.0,105.0,2007
CHN,35.0,105.0,2008
CHN,35.0,105.0,2009
CHN,35.0,105.0,2010
CHN,35.0,105.0,2011
CHN,35.0,105.0,2012
CHN,35.0,105.0,2013
CHN,35.0,105.0,2014
CHN,35.0,105.0,2015
CHN,35.0,105.0,2016
CHN,35.0,105.0,2017
CHN,35.0,105.0,2018
COL,4.0,-72.0,2008
COL,4.0,-72.0,2009
COL,4.0,-72.0,2010
COL,4.0,-72.0,2011
COL,4.0,-72.0,2012
COL,4.0,-72.0,2013
COL,4.0,-72.0,2014
COL,4.0,-72.0,2015
COL,4.0,-72.0,2016
COL,4.0,-72.0,2017
COL,4.0,-72.0,2018
CRI,10.0,-84.0,2007
CRI,10.0,-84.0,2008
CRI,10.0,-84.0,2009
CRI,10.0,-84.0,2010
CRI,10.0,-84.0,2011
CRI,10.0,-84.0,2012
CRI,10.0,-84.0,2013
CRI,10.0,-84.0,2014
CRI,10.0,-84.0,2015
CRI,10.0,-84.0,2016
CRI,10.0,-84.0,2017
CRI,10.0,-84.0,2018
HRV,45.1,15.3,2008
HRV,45.1,15.3,2009
HRV,45.1,15.3,2010
HRV,45.1,15.3,2011
HRV,45.1,15.3,2012
HRV,45.1,15.3,2013
HRV,45.1,15.3,2014
HRV,45.1,15.3,2015
HRV,45.1,15.3,2016
HRV,45.1,15.3,2017
HRV,45.1,15.3,2018
CUB,21.3,-80.0,2008
CUB,21.3,-80.0,2009
CUB,21.3,-80.0,2011
CUB,21.3,-80.0,2012
CUB,21.3,-80.0,2013
CUB,21.3,-80.0,2014
CUB,21.3,-80.0,2015
CUB,21.3,-80.0,2016
CUB,21.3,-80.0,2017
CUB,21.3,-80.0,2018
CUW,10.12,-85.17,2010
CUW,10.12,-85.17,2011
CUW,10.12,-85.17,2012
CUW,10.12,-85.17,2013
CUW,10.12,-85.17,2015
CUW,10.12,-85.17,2016
CUW,10.12,-85.17,2018
CYP,35.0,33.0,2008
CYP,35.0,33.0,2009
CYP,35.0,33.0,2010
CYP,35.0,33.0,2011
CYP,35.0,33.0,2012
CYP,35.0,33.0,2013
CYP,35.0,33.0,2014
CYP,35.0,33.0,2015
CYP,35.0,33.0,2016
CYP,35.0,33.0,2017
CYP,35.0,33.0,2018
CZE,49.45,15.3,2007
CZE,49.45,15.3,2008
CZE,49.45,15.3,2009
CZE,49.45,15.3,2010
CZE,49.45,15.3,2011
CZE,49.45,15.3,2012
CZE,49.45,15.3,2013
CZE,49.45,15.3,2014
CZE,49.45,15.3,2015
CZE,49.45,15.3,2016
CZE,49.45,15.3,2017
CZE,49.45,15.3,2018
CIV,8.0,-5.0,2009
CIV,8.0,-5.0,2010
CIV,8.0,-5.0,2011
CIV,8.0,-5.0,2012
CIV,8.0,-5.0,2013
CIV,8.0,-5.0,2014
CIV,8.0,-5.0,2015
CIV,8.0,-5.0,2016
CIV,8.0,-5.0,2017
CIV,8.0,-5.0,2018
COD,0.0,25.0,2013
COD,0.0,25.0,2017
COD,0.0,25.0,2018
DNK,56.0,10.0,2004
DNK,56.0,10.0,2005
DNK,56.0,10.0,2006
DNK,56.0,10.0,2007
DNK,56.0,10.0,2008
DNK,56.0,10.0,2009
DNK,56.0,10.0,2010
DNK,56.0,10.0,2011
DNK,56.0,10.0,2012
DNK,56.0,10.0,2013
DNK,56.0,10.0,2014
DNK,56.0,10.0,2015
DNK,56.0,10.0,2016
DNK,56.0,10.0,2017
DNK,56.0,10.0,2018
DOM,19.0,-70.4,2009
DOM,19.0,-70.4,2010
DOM,19.0,-70.4,2011
DOM,19.0,-70.4,2012
DOM,19.0,-70.4,2013
DOM,19.0,-70.4,2014
DOM,19.0,-70.4,2015
DOM,19.0,-70.4,2016
DOM,19.0,-70.4,2017
DOM,19.0,-70.4,2018
ECU,-2.0,-77.3,2007
ECU,-2.0,-77.3,2009
ECU,-2.0,-77.3,2010
ECU,-2.0,-77.3,2011
ECU,-2.0,-77.3,2012
ECU,-2.0,-77.3,2013
ECU,-2.0,-77.3,2014
ECU,-2.0,-77.3,2015
ECU,-2.0,-77.3,2016
ECU,-2.0,-77.3,2017
ECU,-2.0,-77.3,2018
EGY,27.0,30.0,2008
EGY,27.0,30.0,2009
EGY,27.0,30.0,2010
EGY,27.0,30.0,2011
EGY,27.0,30.0,2012
EGY,27.0,30.0,2013
EGY,27.0,30.0,2014
EGY,27.0,30.0,2015
EGY,27.0,30.0,2016
EGY,27.0,30.0,2017
EGY,27.0,30.0,2018
SLV,13.5,-88.55,2010
SLV,13.5,-88.55,2011
SLV,13.5,-88.55,2012
SLV,13.5,-88.55,2013
SLV,13.5,-88.55,2014
SLV,13.5,-88.55,2015
SLV,13.5,-88.55,2016
SLV,13.5,-88.55,2017
SLV,13.5,-88.55,2018
ERI,15.0,39.0,2011
EST,59.0,26.0,2008
EST,59.0,26.0,2009
EST,59.0,26.0,2010
EST,59.0,26.0,2011
EST,59.0,26.0,2012
EST,59.0,26.0,2013
EST,59.0,26.0,2014
EST,59.0,26.0,2015
EST,59.0,26.0,2016
EST,59.0,26.0,2017
EST,59.0,26.0,2018
SWZ,-26.33,31.27,2015
SWZ,-26.33,31.27,2016
SWZ,-26.33,31.27,2017
SWZ,-26.33,31.27,2018
ETH,8.0,38.0,2008
ETH,8.0,38.0,2009
ETH,8.0,38.0,2010
ETH,8.0,38.0,2011
ETH,8.0,38.0,2012
ETH,8.0,38.0,2013
ETH,8.0,38.0,2014
ETH,8.0,38.0,2015
ETH,8.0,38.0,2016
ETH,8.0,38.0,2017
ETH,8.0,38.0,2018
FSM,7.3,150.15,2007
FSM,7.3,150.15,2009
FSM,7.3,150.15,2014
FJI,-18.0,175.0,2016
FJI,-18.0,175.0,2017
FJI,-18.0,175.0,2018
FIN,64.0,26.0,2008
FIN,64.0,26.0,2009
FIN,64.0,26.0,2010
FIN,64.0,26.0,2011
FIN,64.0,26.0,2012
FIN,64.0,26.0,2013
FIN,64.0,26.0,2014
FIN,64.0,26.0,2015
FIN,64.0,26.0,2016
FIN,64.0,26.0,2017
FIN,64.0,26.0,2018
FRA,64.0,-2.0,2005
FRA,64.0,-2.0,2006
FRA,64.0,-2.0,2007
FRA,64.0,-2.0,2008
FRA,64.0,-2.0,2009
FRA,64.0,-2.0,2010
FRA,64.0,-2.0,2011
FRA,64.0,-2.0,2012
FRA,64.0,-2.0,2013
FRA,64.0,-2.0,2014
FRA,64.0,-2.0,2015
FRA,64.0,-2.0,2016
FRA,64.0,-2.0,2017
FRA,64.0,-2.0,2018
GUF,4.0,-53.0,2014
PYF,-15.0,-140.0,2011
PYF,-15.0,-140.0,2013
PYF,-15.0,-140.0,2014
PYF,-15.0,-140.0,2015
PYF,-15.0,-140.0,2016
PYF,-15.0,-140.0,2017
PYF,-15.0,-140.0,2018
GAB,-1.0,11.45,2016
GEO,42.0,43.3,2008
GEO,42.0,43.3,2009
GEO,42.0,43.3,2010
GEO,42.0,43.3,2011
GEO,42.0,43.3,2012
GEO,42.0,43.3,2013
GEO,42.0,43.3,2014
GEO,42.0,43.3,2015
GEO,42.0,43.3,2016
GEO,42.0,43.3,2017
GEO,42.0,43.3,2018
DEU,51.0,9.0,2004
DEU,51.0,9.0,2005
DEU,51.0,9.0,2006
DEU,51.0,9.0,2007
DEU,51.0,9.0,2008
DEU,51.0,9.0,2009
DEU,51.0,9.0,2010
DEU,51.0,9.0,2011
DEU,51.0,9.0,2012
DEU,51.0,9.0,2013
DEU,51.0,9.0,2014
DEU,51.0,9.0,2015
DEU,51.0,9.0,2016
DEU,51.0,9.0,2017
DEU,51.0,9.0,2018
GHA,8.0,-2.0,2009
GHA,8.0,-2.0,2010
GHA,8.0,-2.0,2011
GHA,8.0,-2.0,2012
GHA,8.0,-2.0,2013
GHA,8.0,-2.0,2014
GHA,8.0,-2.0,2015
GHA,8.0,-2.0,2016
GHA,8.0,-2.0,2017
GHA,8.0,-2.0,2018
GIB,36.08,-5.21,2009
GIB,36.08,-5.21,2010
GIB,36.08,-5.21,2011
GIB,36.08,-5.21,2012
GIB,36.08,-5.21,2013
GIB,36.08,-5.21,2014
GIB,36.08,-5.21,2015
GIB,36.08,-5.21,2016
GIB,36.08,-5.21,2017
GIB,36.08,-5.21,2018
GRC,39.0,22.0,2008
GRC,39.0,22.0,2009
GRC,39.0,22.0,2010
GRC,39.0,22.0,2011
GRC,39.0,22.0,2012
GRC,39.0,22.0,2013
GRC,39.0,22.0,2014
GRC,39.0,22.0,2015
GRC,39.0,22.0,2016
GRC,39.0,22.0,2017
GRC,39.0,22.0,2018
GRL,72.0,-40.0,2010
GRL,72.0,-40.0,2011
GRL,72.0,-40.0,2013
GRL,72.0,-40.0,2014
GRL,72.0,-40.0,2015
GRL,72.0,-40.0,2016
GRL,72.0,-40.0,2017
GRL,72.0,-40.0,2018
GLP,16.15,-61.35,2013
GLP,16.15,-61.35,2014
GLP,16.15,-61.35,2015
GLP,16.15,-61.35,2016
GLP,16.15,-61.35,2017
GLP,16.15,-61.35,2018
GUM,13.28,144.47,2012
GUM,13.28,144.47,2016
GTM,15.3,-90.15,2008
GTM,15.3,-90.15,2009
GTM,15.3,-90.15,2010
GTM,15.3,-90.15,2011
GTM,15.3,-90.15,2012
GTM,15.3,-90.15,2013
GTM,15.3,-90.15,2014
GTM,15.3,-90.15,2015
GTM,15.3,-90.15,2016
GTM,15.3,-90.15,2017
GTM,15.3,-90.15,2018
GIN,11.0,-10.0,2018
GUY,5.0,-59.0,2015
HTI,19.0,-72.25,2011
HTI,19.0,-72.25,2012
HTI,19.0,-72.25,2013
HTI,19.0,-72.25,2014
HTI,19.0,-72.25,2015
HND,15.0,-86.3,2009
HND,15.0,-86.3,2012
HND,15.0,-86.3,2013
HND,15.0,-86.3,2014
HND,15.0,-86.3,2015
HND,15.0,-86.3,2016
HND,15.0,-86.3,2017
HND,15.0,-86.3,2018
HKG,22.15,114.1,2007
HKG,22.15,114.1,2008
HKG,22.15,114.1,2009
HKG,22.15,114.1,2010
HKG,22.15,114.1,2011
HKG,22.15,114.1,2012
HKG,22.15,114.1,2013
HKG,22.15,114.1,2014
HKG,22.15,114.1,2015
HKG,22.15,114.1,2016
HKG,22.15,114.1,2017
HKG,22.15,114.1,2018
HUN,47.0,20.0,2007
HUN,47.0,20.0,2008
HUN,47.0,20.0,2009
HUN,47.0,20.0,2010
HUN,47.0,20.0,2011
HUN,47.0,20.0,2012
HUN,47.0,20.0,2013
HUN,47.0,20.0,2014
HUN,47.0,20.0,2015
HUN,47.0,20.0,2016
HUN,47.0,20.0,2017
HUN,47.0,20.0,2018
ISL,65.0,-18.0,2008
ISL,65.0,-18.0,2009
ISL,65.0,-18.0,2010
ISL,65.0,-18.0,2011
ISL,65.0,-18.0,2012
ISL,65.0,-18.0,2013
ISL,65.0,-18.0,2014
ISL,65.0,-18.0,2015
ISL,65.0,-18.0,2016
ISL,65.0,-18.0,2017
ISL,65.0,-18.0,2018
IND,20.0,77.0,2004
IND,20.0,77.0,2005
IND,20.0,77.0,2006
IND,20.0,77.0,2007
IND,20.0,77.0,2008
IND,20.0,77.0,2009
IND,20.0,77.0,2010
IND,20.0,77.0,2011
IND,20.0,77.0,2012
IND,20.0,77.0,2013
IND,20.0,77.0,2014
IND,20.0,77.0,2015
IND,20.0,77.0,2016
IND,20.0,77.0,2017
IND,20.0,77.0,2018
IDN,-5.0,120.0,2007
IDN,-5.0,120.0,2008
IDN,-5.0,120.0,2009
IDN,-5.0,120.0,2010
IDN,-5.0,120.0,2011
IDN,-5.0,120.0,2012
IDN,-5.0,120.0,2013
IDN,-5.0,120.0,2014
IDN,-5.0,120.0,2015
IDN,-5.0,120.0,2016
IDN,-5.0,120.0,2017
IDN,-5.0,120.0,2018
IRN,32.0,53.0,2008
IRN,32.0,53.0,2009
IRN,32.0,53.0,2010
IRN,32.0,53.0,2011
IRN,32.0,53.0,2012
IRN,32.0,53.0,2013
IRN,32.0,53.0,2014
IRN,32.0,53.0,2015
IRN,32.0,53.0,2016
IRN,32.0,53.0,2017
IRN,32.0,53.0,2018
IRQ,33.0,44.0,2011
IRQ,33.0,44.0,2012
IRQ,33.0,44.0,2013
IRQ,33.0,44.0,2014
IRQ,33.0,44.0,2015
IRQ,33.0,44.0,2016
IRQ,33.0,44.0,2017
IRQ,33.0,44.0,2018
IRL,53.0,-8.0,2006
IRL,53.0,-8.0,2007
IRL,53.0,-8.0,2008
IRL,53.0,-8.0,2009
IRL,53.0,-8.0,2010
IRL,53.0,-8.0,2011
IRL,53.0,-8.0,2012
IRL,53.0,-8.0,2013
IRL,53.0,-8.0,2014
IRL,53.0,-8.0,2015
IRL,53.0,-8.0,2016
IRL,53.0,-8.0,2017
IRL,53.0,-8.0,2018
IMN,54.15,-4.3,2014
IMN,54.15,-4.3,2015
IMN,54.15,-4.3,2016
IMN,54.15,-4.3,2017
IMN,54.15,-4.3,2018
ISR,31.3,34.45,2007
ISR,31.3,34.45,2008
ISR,31.3,34.45,2009
ISR,31.3,34.45,2010
ISR,31.3,34.45,2011
ISR,31.3,34.45,2012
ISR,31.3,34.45,2013
ISR,31.3,34.45,2014
ISR,31.3,34.45,2015
ISR,31.3,34.45,2016
ISR,31.3,34.45,2017
ISR,31.3,34.45,2018
ITA,42.5,12.5,2005
ITA,42.5,12.5,2006
ITA,42.5,12.5,2007
ITA,42.5,12.5,2008
ITA,42.5,12.5,2009
ITA,42.5,12.5,2010
ITA,42.5,12.5,2011
ITA,42.5,12.5,2012
ITA,42.5,12.5,2013
ITA,42.5,12.5,2014
ITA,42.5,12.5,2015
ITA,42.5,12.5,2016
ITA,42.5,12.5,2017
ITA,42.5,12.5,2018
JAM,18.15,-77.3,2007
JAM,18.15,-77.3,2009
JAM,18.15,-77.3,2010
JAM,18.15,-77.3,2011
JAM,18.15,-77.3,2012
JAM,18.15,-77.3,2013
JAM,18.15,-77.3,2014
JAM,18.15,-77.3,2015
JAM,18.15,-77.3,2016
JAM,18.15,-77.3,2017
JAM,18.15,-77.3,2018
JPN,36.0,138.0,2007
JPN,36.0,138.0,2008
JPN,36.0,138.0,2009
JPN,36.0,138.0,2010
JPN,36.0,138.0,2011
JPN,36.0,138.0,2012
JPN,36.0,138.0,2013
JPN,36.0,138.0,2014
JPN,36.0,138.0,2015
JPN,36.0,138.0,2016
JPN,36.0,138.0,2017
JPN,36.0,138.0,2018
JOR,31.0,36.0,2009
JOR,31.0,36.0,2010
JOR,31.0,36.0,2011
JOR,31.0,36.0,2012
JOR,31.0,36.0,2013
JOR,31.0,36.0,2014
JOR,31.0,36.0,2015
JOR,31.0,36.0,2016
JOR,31.0,36.0,2017
JOR,31.0,36.0,2018
KAZ,48.0,68.0,2008
KAZ,48.0,68.0,2009
KAZ,48.0,68.0,2010
KAZ,48.0,68.0,2011
KAZ,48.0,68.0,2012
KAZ,48.0,68.0,2013
KAZ,48.0,68.0,2014
KAZ,48.0,68.0,2015
KAZ,48.0,68.0,2016
KAZ,48.0,68.0,2017
KAZ,48.0,68.0,2018
KEN,1.0,38.0,2009
KEN,1.0,38.0,2010
KEN,1.0,38.0,2011
KEN,1.0,38.0,2012
KEN,1.0,38.0,2013
KEN,1.0,38.0,2014
KEN,1.0,38.0,2015
KEN,1.0,38.0,2016
KEN,1.0,38.0,2017
KEN,1.0,38.0,2018
KWT,29.3,45.45,2009
KWT,29.3,45.45,2010
KWT,29.3,45.45,2011
KWT,29.3,45.45,2012
KWT,29.3,45.45,2013
KWT,29.3,45.45,2014
KWT,29.3,45.45,2015
KWT,29.3,45.45,2016
KWT,29.3,45.45,2017
KWT,29.3,45.45,2018
KGZ,41.0,75.0,2008
KGZ,41.0,75.0,2009
KGZ,41.0,75.0,2010
KGZ,41.0,75.0,2011
KGZ,41.0,75.0,2012
KGZ,41.0,75.0,2013
KGZ,41.0,75.0,2014
KGZ,41.0,75.0,2015
KGZ,41.0,75.0,2016
KGZ,41.0,75.0,2017
KGZ,41.0,75.0,2018
LAO,18.0,105.0,2014
LAO,18.0,105.0,2016
LAO,18.0,105.0,2017
LAO,18.0,105.0,2018
LVA,57.0,25.0,2008
LVA,57.0,25.0,2009
LVA,57.0,25.0,2010
LVA,57.0,25.0,2011
LVA,57.0,25.0,2012
LVA,57.0,25.0,2013
LVA,57.0,25.0,2014
LVA,57.0,25.0,2015
LVA,57.0,25.0,2016
LVA,57.0,25.0,2017
LVA,57.0,25.0,2018
LBN,33.5,35.5,2005
LBN,33.5,35.5,2006
LBN,33.5,35.5,2007
LBN,33.5,35.5,2008
LBN,33.5,35.5,2009
LBN,33.5,35.5,2010
LBN,33.5,35.5,2011
LBN,33.5,35.5,2012
LBN,33.5,35.5,2013
LBN,33.5,35.5,2014
LBN,33.5,35.5,2015
LBN,33.5,35.5,2016
LBN,33.5,35.5,2017
LBN,33.5,35.5,2018
LSO,-29.3,28.3,2017
LBR,6.3,-9.3,2016
LBR,6.3,-9.3,2017
LBR,6.3,-9.3,2018
LBY,25.0,17.0,2011
LBY,25.0,17.0,2012
LBY,25.0,17.0,2014
LBY,25.0,17.0,2015
LBY,25.0,17.0,2016
LBY,25.0,17.0,2017
LBY,25.0,17.0,2018
LIE,47.16,9.32,2013
LIE,47.16,9.32,2014
LIE,47.16,9.32,2015
LIE,47.16,9.32,2016
LIE,47.16,9.32,2017
LIE,47.16,9.32,2018
LTU,56.0,24.0,2008
LTU,56.0,24.0,2009
LTU,56.0,24.0,2010
LTU,56.0,24.0,2011
LTU,56.0,24.0,2012
LTU,56.0,24.0,2013
LTU,56.0,24.0,2014
LTU,56.0,24.0,2015
LTU,56.0,24.0,2016
LTU,56.0,24.0,2017
LTU,56.0,24.0,2018
LUX,49.45,6.1,2008
LUX,49.45,6.1,2009
LUX,49.45,6.1,2010
LUX,49.45,6.1,2011
LUX,49.45,6.1,2012
LUX,49.45,6.1,2013
LUX,49.45,6.1,2014
LUX,49.45,6.1,2015
LUX,49.45,6.1,2016
LUX,49.45,6.1,2017
LUX,49.45,6.1,2018
MAC,22.1,113.33,2011
MAC,22.1,113.33,2012
MAC,22.1,113.33,2013
MAC,22.1,113.33,2014
MAC,22.1,113.33,2015
MAC,22.1,113.33,2016
MAC,22.1,113.33,2017
MAC,22.1,113.33,2018
MDG,-20.0,47.0,2009
MDG,-20.0,47.0,2010
MDG,-20.0,47.0,2011
MDG,-20.0,47.0,2012
MDG,-20.0,47.0,2014
MWI,-13.3,34.0,2010
MWI,-13.3,34.0,2011
MWI,-13.3,34.0,2012
MWI,-13.3,34.0,2013
MWI,-13.3,34.0,2014
MWI,-13.3,34.0,2015
MWI,-13.3,34.0,2016
MWI,-13.3,34.0,2017
MWI,-13.3,34.0,2018
MYS,2.3,112.3,2007
MYS,2.3,112.3,2008
MYS,2.3,112.3,2009
MYS,2.3,112.3,2010
MYS,2.3,112.3,2011
MYS,2.3,112.3,2012
MYS,2.3,112.3,2013
MYS,2.3,112.3,2014
MYS,2.3,112.3,2015
MYS,2.3,112.3,2016
MYS,2.3,112.3,2017
MYS,2.3,112.3,2018
MDV,3.15,73.0,2009
MDV,3.15,73.0,2011
MDV,3.15,73.0,2012
MDV,3.15,73.0,2013
MDV,3.15,73.0,2015
MDV,3.15,73.0,2016
MDV,3.15,73.0,2017
MDV,3.15,73.0,2018
MLI,17.0,-4.0,2015
MLI,17.0,-4.0,2017
MLI,17.0,-4.0,2018
MLT,35.5,14.35,2009
MLT,35.5,14.35,2010
MLT,35.5,14.35,2011
MLT,35.5,14.35,2012
MLT,35.5,14.35,2013
MLT,35.5,14.35,2014
MLT,35.5,14.35,2015
MLT,35.5,14.35,2016
MLT,35.5,14.35,2017
MLT,35.5,14.35,2018
MTQ,14.4,-61.0,2011
MTQ,14.4,-61.0,2013
MTQ,14.4,-61.0,2014
MTQ,14.4,-61.0,2015
MTQ,14.4,-61.0,2016
MTQ,14.4,-61.0,2017
MRT,20.0,-12.0,2013
MRT,20.0,-12.0,2015
MUS,-20.17,57.33,2008
MUS,-20.17,57.33,2009
MUS,-20.17,57.33,2010
MUS,-20.17,57.33,2012
MUS,-20.17,57.33,2013
MUS,-20.17,57.33,2014
MUS,-20.17,57.33,2015
MUS,-20.17,57.33,2016
MUS,-20.17,57.33,2017
MUS,-20.17,57.33,2018
MYT,-12.5,45.1,2016
MYT,-12.5,45.1,2017
MYT,-12.5,45.1,2018
MEX,23.0,-102.0,2007
MEX,23.0,-102.0,2008
MEX,23.0,-102.0,2009
MEX,23.0,-102.0,2010
MEX,23.0,-102.0,2011
MEX,23.0,-102.0,2012
MEX,23.0,-102.0,2013
MEX,23.0,-102.0,2014
MEX,23.0,-102.0,2015
MEX,23.0,-102.0,2016
MEX,23.0,-102.0,2017
MEX,23.0,-102.0,2018
MDA,47.0,29.0,2008
MDA,47.0,29.0,2009
MDA,47.0,29.0,2010
MDA,47.0,29.0,2011
MDA,47.0,29.0,2012
MDA,47.0,29.0,2013
MDA,47.0,29.0,2014
MDA,47.0,29.0,2015
MDA,47.0,29.0,2016
MDA,47.0,29.0,2017
MDA,47.0,29.0,2018
MCO,43.44,7.24,2010
MCO,43.44,7.24,2011
MCO,43.44,7.24,2012
MCO,43.44,7.24,2013
MCO,43.44,7.24,2014
MCO,43.44,7.24,2015
MCO,43.44,7.24,2016
MCO,43.44,7.24,2017
MCO,43.44,7.24,2018
MNG,46.0,105.0,2008
MNG,46.0,105.0,2009
MNG,46.0,105.0,2010
MNG,46.0,105.0,2011
MNG,46.0,105.0,2012
MNG,46.0,105.0,2013
MNG,46.0,105.0,2014
MNG,46.0,105.0,2015
MNG,46.0,105.0,2016
MNG,46.0,105.0,2017
MNG,46.0,105.0,2018
MNE,42.3,19.18,2010
MNE,42.3,19.18,2012
MNE,42.3,19.18,2013
MNE,42.3,19.18,2014
MNE,42.3,19.18,2015
MNE,42.3,19.18,2016
MNE,42.3,19.18,2017
MNE,42.3,19.18,2018
MAR,32.0,-5.0,2007
MAR,32.0,-5.0,2010
MAR,32.0,-5.0,2011
MAR,32.0,-5.0,2012
MAR,32.0,-5.0,2013
MAR,32.0,-5.0,2014
MAR,32.0,-5.0,2015
MAR,32.0,-5.0,2016
MAR,32.0,-5.0,2017
MAR,32.0,-5.0,2018
MOZ,-18.15,35.0,2010
MOZ,-18.15,35.0,2011
MOZ,-18.15,35.0,2012
MOZ,-18.15,35.0,2013
MOZ,-18.15,35.0,2014
MOZ,-18.15,35.0,2015
MOZ,-18.15,35.0,2016
MOZ,-18.15,35.0,2017
MOZ,-18.15,35.0,2018
MMR,11.0,98.0,2010
MMR,11.0,98.0,2012
MMR,11.0,98.0,2013
MMR,11.0,98.0,2014
MMR,11.0,98.0,2015
MMR,11.0,98.0,2016
MMR,11.0,98.0,2017
MMR,11.0,98.0,2018
NAM,-22.0,17.0,2009
NAM,-22.0,17.0,2012
NAM,-22.0,17.0,2014
NAM,-22.0,17.0,2015
NAM,-22.0,17.0,2016
NAM,-22.0,17.0,2017
NAM,-22.0,17.0,2018
NPL,28.0,84.0,2008
NPL,28.0,84.0,2009
NPL,28.0,84.0,2010
NPL,28.0,84.0,2011
NPL,28.0,84.0,2012
NPL,28.0,84.0,2013
NPL,28.0,84.0,2014
NPL,28.0,84.0,2015
NPL,28.0,84.0,2016
NPL,28.0,84.0,2017
NPL,28.0,84.0,2018
NLD,52.3,5.45,2007
NLD,52.3,5.45,2008
NLD,52.3,5.45,2009
NLD,52.3,5.45,2010
NLD,52.3,5.45,2011
NLD,52.3,5.45,2012
NLD,52.3,5.45,2013
NLD,52.3,5.45,2014
NLD,52.3,5.45,2015
NLD,52.3,5.45,2016
NLD,52.3,5.45,2017
NLD,52.3,5.45,2018
NCL,-21.3,165.3,2009
NCL,-21.3,165.3,2010
NCL,-21.3,165.3,2011
NCL,-21.3,165.3,2012
NCL,-21.3,165.3,2013
NCL,-21.3,165.3,2014
NCL,-21.3,165.3,2015
NCL,-21.3,165.3,2016
NCL,-21.3,165.3,2017
NCL,-21.3,165.3,2018
NZL,-41.0,174.0,2007
NZL,-41.0,174.0,2008
NZL,-41.0,174.0,2009
NZL,-41.0,174.0,2010
NZL,-41.0,174.0,2011
NZL,-41.0,174.0,2012
NZL,-41.0,174.0,2013
NZL,-41.0,174.0,2014
NZL,-41.0,174.0,2015
NZL,-41.0,174.0,2016
NZL,-41.0,174.0,2017
NZL,-41.0,174.0,2018
NIC,13.0,-85.0,2009
NIC,13.0,-85.0,2010
NIC,13.0,-85.0,2011
NIC,13.0,-85.0,2012
NIC,13.0,-85.0,2013
NIC,13.0,-85.0,2014
NIC,13.0,-85.0,2015
NIC,13.0,-85.0,2016
NIC,13.0,-85.0,2017
NIC,13.0,-85.0,2018
NGA,10.0,8.0,2007
NGA,10.0,8.0,2008
NGA,10.0,8.0,2009
NGA,10.0,8.0,2010
NGA,10.0,8.0,2011
NGA,10.0,8.0,2012
NGA,10.0,8.0,2013
NGA,10.0,8.0,2014
NGA,10.0,8.0,2015
NGA,10.0,8.0,2016
NGA,10.0,8.0,2017
NGA,10.0,8.0,2018
PRK,40.0,127.0,2013
PRK,40.0,127.0,2014
PRK,40.0,127.0,2015
PRK,40.0,127.0,2016
PRK,40.0,127.0,2017
MKD,41.99,21.44,2008
MKD,41.99,21.44,2009
MKD,41.99,21.44,2010
MKD,41.99,21.44,2011
MKD,41.99,21.44,2012
MKD,41.99,21.44,2013
MKD,41.99,21.44,2014
MKD,41.99,21.44,2015
MKD,41.99,21.44,2016
MKD,41.99,21.44,2017
MKD,41.99,21.44,2018
NOR,62.0,10.0,2007
NOR,62.0,10.0,2008
NOR,62.0,10.0,2009
NOR,62.0,10.0,2010
NOR,62.0,10.0,2011
NOR,62.0,10.0,2012
NOR,62.0,10.0,2013
NOR,62.0,10.0,2014
NOR,62.0,10.0,2015
NOR,62.0,10.0,2016
NOR,62.0,10.0,2017
NOR,62.0,10.0,2018
OMN,21.0,57.0,2011
OMN,21.0,57.0,2012
OMN,21.0,57.0,2013
OMN,21.0,57.0,2014
OMN,21.0,57.0,2015
OMN,21.0,57.0,2016
OMN,21.0,57.0,2017
OMN,21.0,57.0,2018
PAK,30.0,70.0,2008
PAK,30.0,70.0,2009
PAK,30.0,70.0,2010
PAK,30.0,70.0,2011
PAK,30.0,70.0,2012
PAK,30.0,70.0,2013
PAK,30.0,70.0,2014
PAK,30.0,70.0,2015
PAK,30.0,70.0,2016
PAK,30.0,70.0,2017
PAK,30.0,70.0,2018
PAN,9.0,-80.0,2009
PAN,9.0,-80.0,2011
PAN,9.0,-80.0,2012
PAN,9.0,-80.0,2013
PAN,9.0,-80.0,2014
PAN,9.0,-80.0,2015
PAN,9.0,-80.0,2016
PAN,9.0,-80.0,2017
PAN,9.0,-80.0,2018
PNG,-6.0,147.0,2015
PRY,-23.0,-58.0,2009
PRY,-23.0,-58.0,2010
PRY,-23.0,-58.0,2011
PRY,-23.0,-58.0,2012
PRY,-23.0,-58.0,2013
PRY,-23.0,-58.0,2014
PRY,-23.0,-58.0,2015
PRY,-23.0,-58.0,2016
PRY,-23.0,-58.0,2017
PRY,-23.0,-58.0,2018
PER,-10.0,-76.0,2007
PER,-10.0,-76.0,2008
PER,-10.0,-76.0,2009
PER,-10.0,-76.0,2010
PER,-10.0,-76.0,2011
PER,-10.0,-76.0,2012
PER,-10.0,-76.0,2013
PER,-10.0,-76.0,2014
PER,-10.0,-76.0,2015
PER,-10.0,-76.0,2016
PER,-10.0,-76.0,2017
PER,-10.0,-76.0,2018
PHL,13.0,122.0,2004
PHL,13.0,122.0,2005
PHL,13.0,122.0,2006
PHL,13.0,122.0,2007
PHL,13.0,122.0,2008
PHL,13.0,122.0,2009
PHL,13.0,122.0,2010
PHL,13.0,122.0,2011
PHL,13.0,122.0,2012
PHL,13.0,122.0,2013
PHL,13.0,122.0,2014
PHL,13.0,122.0,2015
PHL,13.0,122.0,2016
PHL,13.0,122.0,2017
PHL,13.0,122.0,2018
POL,52.0,20.0,2007
POL,52.0,20.0,2008
POL,52.0,20.0,2009
POL,52.0,20.0,2010
POL,52.0,20.0,2011
POL,52.0,20.0,2012
POL,52.0,20.0,2013
POL,52.0,20.0,2014
POL,52.0,20.0,2015
POL,52.0,20.0,2016
POL,52.0,20.0,2017
POL,52.0,20.0,2018
PRT,39.3,-8.0,2007
PRT,39.3,-8.0,2008
PRT,39.3,-8.0,2009
PRT,39.3,-8.0,2010
PRT,39.3,-8.0,2011
PRT,39.3,-8.0,2012
PRT,39.3,-8.0,2013
PRT,39.3,-8.0,2014
PRT,39.3,-8.0,2015
PRT,39.3,-8.0,2016
PRT,39.3,-8.0,2017
PRT,39.3,-8.0,2018
PRI,18.15,-66.3,2009
PRI,18.15,-66.3,2010
PRI,18.15,-66.3,2011
PRI,18.15,-66.3,2012
PRI,18.15,-66.3,2013
PRI,18.15,-66.3,2014
PRI,18.15,-66.3,2015
PRI,18.15,-66.3,2016
PRI,18.15,-66.3,2017
PRI,18.15,-66.3,2018
QAT,25.3,51.15,2009
QAT,25.3,51.15,2010
QAT,25.3,51.15,2011
QAT,25.3,51.15,2012
QAT,25.3,51.15,2013
QAT,25.3,51.15,2014
QAT,25.3,51.15,2015
QAT,25.3,51.15,2016
QAT,25.3,51.15,2017
QAT,25.3,51.15,2018
ROU,46.0,25.0,2004
ROU,46.0,25.0,2005
ROU,46.0,25.0,2006
ROU,46.0,25.0,2007
ROU,46.0,25.0,2008
ROU,46.0,25.0,2009
ROU,46.0,25.0,2010
ROU,46.0,25.0,2011
ROU,46.0,25.0,2012
ROU,46.0,25.0,2013
ROU,46.0,25.0,2014
ROU,46.0,25.0,2015
ROU,46.0,25.0,2016
ROU,46.0,25.0,2017
ROU,46.0,25.0,2018
RUS,60.0,100.0,2006
RUS,60.0,100.0,2007
RUS,60.0,100.0,2008
RUS,60.0,100.0,2009
RUS,60.0,100.0,2010
RUS,60.0,100.0,2011
RUS,60.0,100.0,2012
RUS,60.0,100.0,2013
RUS,60.0,100.0,2014
RUS,60.0,100.0,2015
RUS,60.0,100.0,2016
RUS,60.0,100.0,2017
RUS,60.0,100.0,2018
RWA,-2.0,30.0,2011
RWA,-2.0,30.0,2012
RWA,-2.0,30.0,2013
RWA,-2.0,30.0,2014
RWA,-2.0,30.0,2016
RWA,-2.0,30.0,2018
REU,-21.06,55.36,2009
REU,-21.06,55.36,2010
REU,-21.06,55.36,2012
REU,-21.06,55.36,2013
REU,-21.06,55.36,2014
REU,-21.06,55.36,2015
REU,-21.06,55.36,2016
REU,-21.06,55.36,2017
REU,-21.06,55.36,2018
BLM,17.9,-62.85,2014
BLM,17.9,-62.85,2017
KNA,17.2,-62.45,2011
KNA,17.2,-62.45,2015
LCA,13.53,-60.58,2011
SMR,43.46,12.25,2011
SMR,43.46,12.25,2012
SMR,43.46,12.25,2015
SMR,43.46,12.25,2016
SMR,43.46,12.25,2017
SMR,43.46,12.25,2018
SAU,25.0,45.0,2009
SAU,25.0,45.0,2010
SAU,25.0,45.0,2011
SAU,25.0,45.0,2012
SAU,25.0,45.0,2013
SAU,25.0,45.0,2014
SAU,25.0,45.0,2015
SAU,25.0,45.0,2016
SAU,25.0,45.0,2017
SAU,25.0,45.0,2018
SEN,14.0,-14.0,2007
SEN,14.0,-14.0,2009
SEN,14.0,-14.0,2010
SEN,14.0,-14.0,2011
SEN,14.0,-14.0,2012
SEN,14.0,-14.0,2013
SEN,14.0,-14.0,2014
SEN,14.0,-14.0,2015
SEN,14.0,-14.0,2016
SEN,14.0,-14.0,2017
SEN,14.0,-14.0,2018
SRB,44.0,21.0,2007
SRB,44.0,21.0,2008
SRB,44.0,21.0,2009
SRB,44.0,21.0,2010
SRB,44.0,21.0,2011
SRB,44.0,21.0,2012
SRB,44.0,21.0,2013
SRB,44.0,21.0,2014
SRB,44.0,21.0,2015
SRB,44.0,21.0,2016
SRB,44.0,21.0,2017
SRB,44.0,21.0,2018
SYC,-4.35,55.4,2016
SYC,-4.35,55.4,2017
SLE,8.3,-11.3,2012
SLE,8.3,-11.3,2013
SLE,8.3,-11.3,2016
SLE,8.3,-11.3,2017
SLE,8.3,-11.3,2018
SGP,1.22,103.48,2004
SGP,1.22,103.48,2005
SGP,1.22,103.48,2006
SGP,1.22,103.48,2007
SGP,1.22,103.48,2008
SGP,1.22,103.48,2009
SGP,1.22,103.48,2010
SGP,1.22,103.48,2011
SGP,1.22,103.48,2012
SGP,1.22,103.48,2013
SGP,1.22,103.48,2014
SGP,1.22,103.48,2015
SGP,1.22,103.48,2016
SGP,1.22,103.48,2017
SGP,1.22,103.48,2018
SVK,48.4,19.3,2008
SVK,48.4,19.3,2009
SVK,48.4,19.3,2010
SVK,48.4,19.3,2011
SVK,48.4,19.3,2012
SVK,48.4,19.3,2013
SVK,48.4,19.3,2014
SVK,48.4,19.3,2015
SVK,48.4,19.3,2016
SVK,48.4,19.3,2017
SVK,48.4,19.3,2018
SVN,46.07,14.49,2008
SVN,46.07,14.49,2009
SVN,46.07,14.49,2010
SVN,46.07,14.49,2011
SVN,46.07,14.49,2012
SVN,46.07,14.49,2013
SVN,46.07,14.49,2014
SVN,46.07,14.49,2015
SVN,46.07,14.49,2016
SVN,46.07,14.49,2017
SVN,46.07,14.49,2018
SLB,-8.0,159.0,2014
SOM,10.0,49.0,2012
SOM,10.0,49.0,2013
SOM,10.0,49.0,2014
SOM,10.0,49.0,2015
SOM,10.0,49.0,2017
SOM,10.0,49.0,2018
ZAF,-29.0,24.0,2007
ZAF,-29.0,24.0,2008
ZAF,-29.0,24.0,2009
ZAF,-29.0,24.0,2010
ZAF,-29.0,24.0,2011
ZAF,-29.0,24.0,2012
ZAF,-29.0,24.0,2013
ZAF,-29.0,24.0,2014
ZAF,-29.0,24.0,2015
ZAF,-29.0,24.0,2016
ZAF,-29.0,24.0,2017
ZAF,-29.0,24.0,2018
KOR,37.0,127.3,2007
KOR,37.0,127.3,2008
KOR,37.0,127.3,2009
KOR,37.0,127.3,2010
KOR,37.0,127.3,2011
KOR,37.0,127.3,2012
KOR,37.0,127.3,2013
KOR,37.0,127.3,2014
KOR,37.0,127.3,2015
KOR,37.0,127.3,2016
KOR,37.0,127.3,2017
KOR,37.0,127.3,2018
SSD,8.0,30.0,2012
ESP,40.0,-4.0,2004
ESP,40.0,-4.0,2005
ESP,40.0,-4.0,2006
ESP,40.0,-4.0,2007
ESP,40.0,-4.0,2008
ESP,40.0,-4.0,2009
ESP,40.0,-4.0,2010
ESP,40.0,-4.0,2011
ESP,40.0,-4.0,2012
ESP,40.0,-4.0,2013
ESP,40.0,-4.0,2014
ESP,40.0,-4.0,2015
ESP,40.0,-4.0,2016
ESP,40.0,-4.0,2017
ESP,40.0,-4.0,2018
LKA,7.0,81.0,2008
LKA,7.0,81.0,2009
LKA,7.0,81.0,2010
LKA,7.0,81.0,2011
LKA,7.0,81.0,2012
LKA,7.0,81.0,2013
LKA,7.0,81.0,2014
LKA,7.0,81.0,2015
LKA,7.0,81.0,2016
LKA,7.0,81.0,2017
LKA,7.0,81.0,2018
SDN,15.0,30.0,2010
SDN,15.0,30.0,2011
SDN,15.0,30.0,2012
SDN,15.0,30.0,2013
SDN,15.0,30.0,2014
SDN,15.0,30.0,2015
SDN,15.0,30.0,2016
SDN,15.0,30.0,2017
SDN,15.0,30.0,2018
SUR,4.0,-56.0,2010
SUR,4.0,-56.0,2011
SUR,4.0,-56.0,2013
SUR,4.0,-56.0,2014
SUR,4.0,-56.0,2015
SUR,4.0,-56.0,2016
SUR,4.0,-56.0,2017
SUR,4.0,-56.0,2018
SWE,62.0,15.0,2004
SWE,62.0,15.0,2005
SWE,62.0,15.0,2006
SWE,62.0,15.0,2007
SWE,62.0,15.0,2008
SWE,62.0,15.0,2009
SWE,62.0,15.0,2010
SWE,62.0,15.0,2011
SWE,62.0,15.0,2012
SWE,62.0,15.0,2013
SWE,62.0,15.0,2014
SWE,62.0,15.0,2015
SWE,62.0,15.0,2016
SWE,62.0,15.0,2017
SWE,62.0,15.0,2018
CHE,47.0,8.0,2004
CHE,47.0,8.0,2005
CHE,47.0,8.0,2006
CHE,47.0,8.0,2007
CHE,47.0,8.0,2008
CHE,47.0,8.0,2009
CHE,47.0,8.0,2010
CHE,47.0,8.0,2011
CHE,47.0,8.0,2012
CHE,47.0,8.0,2013
CHE,47.0,8.0,2014
CHE,47.0,8.0,2015
CHE,47.0,8.0,2016
CHE,47.0,8.0,2017
CHE,47.0,8.0,2018
SYR,35.0,38.0,2010
SYR,35.0,38.0,2011
SYR,35.0,38.0,2012
SYR,35.0,38.0,2013
SYR,35.0,38.0,2014
SYR,35.0,38.0,2015
SYR,35.0,38.0,2016
SYR,35.0,38.0,2017
SYR,35.0,38.0,2018
STP,1.0,7.0,2013
STP,1.0,7.0,2014
STP,1.0,7.0,2015
STP,1.0,7.0,2016
STP,1.0,7.0,2018
TWN,23.3,121.0,2006
TWN,23.3,121.0,2008
TWN,23.3,121.0,2009
TWN,23.3,121.0,2010
TWN,23.3,121.0,2011
TWN,23.3,121.0,2012
TWN,23.3,121.0,2013
TWN,23.3,121.0,2014
TWN,23.3,121.0,2015
TWN,23.3,121.0,2016
TWN,23.3,121.0,2017
TWN,23.3,121.0,2018
TJK,39.0,71.0,2012
TJK,39.0,71.0,2013
TJK,39.0,71.0,2014
TJK,39.0,71.0,2015
TJK,39.0,71.0,2016
TJK,39.0,71.0,2017
TJK,39.0,71.0,2018
TZA,-6.0,35.0,2010
TZA,-6.0,35.0,2011
TZA,-6.0,35.0,2012
TZA,-6.0,35.0,2014
TZA,-6.0,35.0,2015
TZA,-6.0,35.0,2016
TZA,-6.0,35.0,2017
TZA,-6.0,35.0,2018
THA,15.0,100.0,2004
THA,15.0,100.0,2005
THA,15.0,100.0,2006
THA,15.0,100.0,2007
THA,15.0,100.0,2008
THA,15.0,100.0,2009
THA,15.0,100.0,2010
THA,15.0,100.0,2011
THA,15.0,100.0,2012
THA,15.0,100.0,2013
THA,15.0,100.0,2014
THA,15.0,100.0,2015
THA,15.0,100.0,2016
THA,15.0,100.0,2017
THA,15.0,100.0,2018
BHS,26.0,50.33,2006
BHS,26.0,50.33,2007
BHS,26.0,50.33,2011
BHS,26.0,50.33,2014
BHS,26.0,50.33,2015
BHS,26.0,50.33,2016
BHS,26.0,50.33,2017
BHS,26.0,50.33,2018
TLS,-9.13,124.56,2015
TLS,-9.13,124.56,2016
TLS,-9.13,124.56,2017
TGO,8.0,1.1,2017
TGO,8.0,1.1,2018
TTO,11.0,-61.0,2010
TTO,11.0,-61.0,2011
TTO,11.0,-61.0,2012
TTO,11.0,-61.0,2013
TTO,11.0,-61.0,2014
TTO,11.0,-61.0,2015
TTO,11.0,-61.0,2016
TTO,11.0,-61.0,2017
TTO,11.0,-61.0,2018
TUN,34.0,9.0,2010
TUN,34.0,9.0,2011
TUN,34.0,9.0,2012
TUN,34.0,9.0,2013
TUN,34.0,9.0,2014
TUN,34.0,9.0,2015
TUN,34.0,9.0,2016
TUN,34.0,9.0,2017
TUN,34.0,9.0,2018
TUR,39.0,35.0,2007
TUR,39.0,35.0,2008
TUR,39.0,35.0,2009
TUR,39.0,35.0,2010
TUR,39.0,35.0,2011
TUR,39.0,35.0,2012
TUR,39.0,35.0,2013
TUR,39.0,35.0,2014
TUR,39.0,35.0,2015
TUR,39.0,35.0,2016
TUR,39.0,35.0,2017
TUR,39.0,35.0,2018
TKM,40.0,60.0,2018
UGA,1.0,32.0,2009
UGA,1.0,32.0,2012
UGA,1.0,32.0,2013
UGA,1.0,32.0,2014
UGA,1.0,32.0,2015
UGA,1.0,32.0,2016
UGA,1.0,32.0,2017
UGA,1.0,32.0,2018
UKR,49.0,32.0,2007
UKR,49.0,32.0,2008
UKR,49.0,32.0,2009
UKR,49.0,32.0,2010
UKR,49.0,32.0,2011
UKR,49.0,32.0,2012
UKR,49.0,32.0,2013
UKR,49.0,32.0,2014
UKR,49.0,32.0,2015
UKR,49.0,32.0,2016
UKR,49.0,32.0,2017
UKR,49.0,32.0,2018
ARE,24.0,54.0,2005
ARE,24.0,54.0,2006
ARE,24.0,54.0,2007
ARE,24.0,54.0,2008
ARE,24.0,54.0,2009
ARE,24.0,54.0,2010
ARE,24.0,54.0,2011
ARE,24.0,54.0,2012
ARE,24.0,54.0,2013
ARE,24.0,54.0,2014
ARE,24.0,54.0,2015
ARE,24.0,54.0,2016
ARE,24.0,54.0,2017
ARE,24.0,54.0,2018
GBR,54.0,-2.0,2004
GBR,54.0,-2.0,2005
GBR,54.0,-2.0,2006
GBR,54.0,-2.0,2007
GBR,54.0,-2.0,2008
GBR,54.0,-2.0,2009
GBR,54.0,-2.0,2010
GBR,54.0,-2.0,2011
GBR,54.0,-2.0,2012
GBR,54.0,-2.0,2013
GBR,54.0,-2.0,2014
GBR,54.0,-2.0,2015
GBR,54.0,-2.0,2016
GBR,54.0,-2.0,2017
GBR,54.0,-2.0,2018
USA,38.0,-97.0,2004
USA,38.0,-97.0,2005
USA,38.0,-97.0,2006
USA,38.0,-97.0,2007
USA,38.0,-97.0,2008
USA,38.0,-97.0,2009
USA,38.0,-97.0,2010
USA,38.0,-97.0,2011
USA,38.0,-97.0,2012
USA,38.0,-97.0,2013
USA,38.0,-97.0,2014
USA,38.0,-97.0,2015
USA,38.0,-97.0,2016
USA,38.0,-97.0,2017
USA,38.0,-97.0,2018
URY,-33.0,-56.0,2008
URY,-33.0,-56.0,2009
URY,-33.0,-56.0,2010
URY,-33.0,-56.0,2011
URY,-33.0,-56.0,2012
URY,-33.0,-56.0,2013
URY,-33.0,-56.0,2014
URY,-33.0,-56.0,2015
URY,-33.0,-56.0,2016
URY,-33.0,-56.0,2017
URY,-33.0,-56.0,2018
UZB,41.0,64.0,2007
UZB,41.0,64.0,2009
UZB,41.0,64.0,2010
UZB,41.0,64.0,2011
UZB,41.0,64.0,2012
UZB,41.0,64.0,2013
UZB,41.0,64.0,2014
UZB,41.0,64.0,2015
UZB,41.0,64.0,2016
UZB,41.0,64.0,2017
UZB,41.0,64.0,2018
VUT,-16.0,167.0,2014
VUT,-16.0,167.0,2016
VUT,-16.0,167.0,2017
VEN,8.0,-66.0,2008
VEN,8.0,-66.0,2009
VEN,8.0,-66.0,2010
VEN,8.0,-66.0,2011
VEN,8.0,-66.0,2012
VEN,8.0,-66.0,2013
VEN,8.0,-66.0,2014
VEN,8.0,-66.0,2015
VEN,8.0,-66.0,2016
VEN,8.0,-66.0,2017
VEN,8.0,-66.0,2018
VNM,16.1,107.5,2008
VNM,16.1,107.5,2009
VNM,16.1,107.5,2010
VNM,16.1,107.5,2011
VNM,16.1,107.5,2012
VNM,16.1,107.5,2013
VNM,16.1,107.5,2014
VNM,16.1,107.5,2015
VNM,16.1,107.5,2016
VNM,16.1,107.5,2017
VNM,16.1,107.5,2018
WLF,-13.18,-176.12,2011
WLF,-13.18,-176.12,2012
WLF,-13.18,-176.12,2013
WLF,-13.18,-176.12,2014
WLF,-13.18,-176.12,2015
WLF,-13.18,-176.12,2017
YEM,15.0,48.0,2012
YEM,15.0,48.0,2013
YEM,15.0,48.0,2014
YEM,15.0,48.0,2015
YEM,15.0,48.0,2016
YEM,15.0,48.0,2017
YEM,15.0,48.0,2018
ZMB,-15.0,30.0,2011
ZMB,-15.0,30.0,2012
ZMB,-15.0,30.0,2013
ZMB,-15.0,30.0,2015
ZMB,-15.0,30.0,2016
ZMB,-15.0,30.0,2017
ZMB,-15.0,30.0,2018
ZWE,-20.0,30.0,2011
ZWE,-20.0,30.0,2012
ZWE,-20.0,30.0,2013
ZWE,-20.0,30.0,2014
ZWE,-20.0,30.0,2015
ZWE,-20.0,30.0,2016
ZWE,-20.0,30.0,2017
ZWE,-20.0,30.0,2018